935259549818095
626547520783211
1521846574715420
623420505822774
5163642403745220
743698014081807
912254065550726
743986019489732
429828496307355
684302058302824
339433935170933
549900048532014
949521601745100
252564822457264
428142033973882
1297336628329700
177107679319484
733466786672573
895420623821286
776630895689917
164536854068804
916909955436807
9795110050531440
176606282480365
368286698363350
2714903198612290
437989532999411
1886615381613350
417011992561307
856272271452363
164099895527322
653602751412633
319001368670146
883909050189580
1081983878634570
708050872624170
1826090000000000
1949882818587520
1809936445972050
1883921185204300
319145714047757
607081459492877
332049733478900
431617663625596
1981908835164530
1972481486412420
1573262749588100
223620869634
1084720000000000
561676410584012
204095080828089
1608610299396190
1529606704007200
1771557369722380
962031814340125
427048887360832
276464571160604
420375253822747
175849989264202
738644339512611
469037759950117
413012748859375
402063009952799
261939675885796
204354533988770
138753356803949
1763111347283820
1820665878174920
2190481384532000
131099703733194
685836514918250
997759211386458
1010004429518320
705395182999252
450585831747414
3375847866061780
939850786028958
650429193537522
373089758010493
615627648570172
1039586370619860
2891944714265470
1180139022575780
311513888076335
417122382447306
290513914384909
1287894451603470
116559261884545
774621984469554
408871169504606
740043909483281
367872086670717
1581556789297430
363139443856171
1382405445407150
1481908695418450
109808599875666
897092593680956
337094766404878
217455275123881
323037428090310
179362146216895
158536436133615
2058468384434860
161460350640011
713915172340118
1465330943702140
3223776794524930
388259947934174
654822794556742
7116918475079310
1615756292081170
2243349742450780
341810674540781
879456268764821
753130258229425
1046906978664620
2301650916756680
765788743588827
1508667795908080
704416339683771
345077329375431
1605945899661630
1039840922745650
322285071272674
180601998741140
3365500753741010
6784519461675130
680684989168665
787925139910762
519028152316687
643056997993677
828135444632187
1879627985447610
751287808235926
1454301101451630
830735085478088
192529971106715
756483394399300
219653201794573
261015101028132
2494301880810040
266384176865028
2627639290888120
780570585299205
227477070790175
420050871421933
512826142121814
908102619377443
1990544551266420
350272335054857
737584531230038
594705358493803
1681055665557140
307509311015699
1084159699225270
1194288910601880
337101508375432
2141556956000120
1688500147992560
406575856681537
766937583346712
3556755947914120
187144431655031
299856516509645
510854445719614
1282284515629680
20313077976
1024809938407290
273067449950011
1722652374646100
2409756362406210
787975168725649
727386780790016
1757849464479120
1679268858981700
441422435926939
426933554148754
617366750460496
1737111699864790
284797738685349
782129888535902
337194531232129
556140724517998
286443168123767
575802612462742
1425357114374830
858867604224462
570343456424907
354297901792449
520663408041732
598215716911616
848916182293392
297024763739801
1637133583241030
316842316249261
300373796698711
1736680419883630
302743910864917
302158210461471
892450485195779
6859872870806580
170180730156491
842321122512978
717188765023132
111650538972797
1160572863963170
333182156826850
1607508082874850
396509900431681
1798515263770060
1659805640990060
1157950000000000
603932546826630
560587437398093
265987180169190
256755038957420
404733252336960
566312773532996
1685317481743220
237420833352372
414227035885630
1425839917476620
332817220561380
473018022794312
1489858361276740
615903491899031
2507994116109510
1114859859015520
1107168573843360
1033254300056130
1131817500821420
859514034864371
768213957270553
741542089766789
121513609846728
260392961262035
205690699527021
428072102206955
910767645744974
402110556596066
1504031199862790
775099689954092
2269773896582180
2548982001803100
173084199694268
637969076338818
1982310362046800
2306220326318380
197875780952405
2282928508676010
174402189426037
1491436681094450
255748885455948
174991022970885
1155814047897310
210026929459143
423284814848907
1724255667860640
223733741365762
596549487368574
551108334946259
1335688029859810
249274008919985
282133412249764
1471801246368970
1509955105693360
373176082837182
256595765965453
1453568778285830
716376875126106
248538816609808
151146355504331
981344086839272
2507579072597320
1430166547533090
835117571719307
906376779843049
821428361668778
196803000454767
584490592637919
398007080265295
461861027328137
852270768228563
194728311172992
145362717736609
531802117221342
2025150077511010
295113441095226
1743131005936500
239284146229658
948077700077514
2719130000000000
1804195833177410
231587297264168
666419053452452
614776801890669
713433564054034
101647930166543
730583348897618
823784076428529
1770932106523630
312336169188672
1433510526962650
576403740330627
537641611753790
808344295909769
163447319117964
383993515744346
1721573895017800
497563642678989
436185374642109
2641394536177870
118060665410573
1412717355623700
1101848387349300
2067506063480740
2003807746661290
4522100000000000
501023400276976
551315971629083
533915093476818
1411817049099460
1222379937787800
3743577842351780
501881176561786
597294157412116
535938068468620
1518825755090860
1863852890537850
394399204363273
477868638957618
2374597829435190
315702503161092
554125598349182
470288936367010
1234674823239480
344331615768505
961602803875326
994654433915822
1179680326092210
222471684608245
398287173629397
881072676116362
668190940001624
845574170207976
378686268952370
926840090682430
256780742185559
704185793704693
470270457638345
1568085683495480
1053088951456240
236809429416385
276788872474804
611341473939141
734356716755429
1049572182771480
627961163893819
207840232738662
654278023293630
2452286754858380
287946020525061
2020201438224040
872867863407785
285770152507258
2308624109168840
475096155944786
1160990000000000
1623225184599480
275849758845197
5967875626586200
588519234525775
1339747896130440
4285709944798860
2090098571226780
136009406486991
940398674440546
144665762386479
180099315481333
730502944188826
270004996529561
262151390789280
491638934246273
1393140577680420
1385410000000000
2182051792069700
1746836082150560
177998946081467
359475647494382
620308451366467
1203840000000000
1321175165020130
706627478224538
354247822380764
508408917615386
872203986516031
992998608140173
1381564939073940
399198456769378
244851189019712
1541599819304220
378147612762746
261444333669092
4058170000000000
144936945666958
500001513368610
359634461436540
700275430080028
626279331869354
331202427930749
833716320394340
1520880138159060
206251659564876
208774231560
689092531285392
590890584400370
984758491603388
1025162895339630
1557483481163640
370183899836322
1741095166408490
194917474047579
1645420000000000
807578849313690
273206519447624
642574302821940
703768108395192
581871355507960
322098015449940
1495464354087440
862515647109835
519709411530818
177672862573314
371058823225863
1511691549043580
686946271422401
148228235665105
1414817962148390
386408434888293
562098577233849
427834130576392
1680232138875400
886173921417062
188294901334814
1665800797033750
906643023120287
6438094922890330
1178821538871920
347626638062769
1464548290778150
309966493357638
2406498302773600
393964760000
1446563855563650
195761730607933
388126351598685
3692469671039660
2225897470969770
2240321176207350
2937259602975060
2254219568170680
2830774116970470
1756605371041130
2684361845007700
880971555306586
1819691464957940
1467115654134560
1981796972048180
1609380032686500
1489109517944610
1431517117106600
2163536127029510
619147594831024
996322060475534
1580040000000000
519827611431572
624801434237330
283069225499296
1788362808077620
665902234152280
849605003387010
791440474220679
933924066621811
751622152245676
1134370196598530
493197234393185
1897813313685110
528406463920827
294202207749322
946824091995301
631104193989252
655861041178114
655789511223517
656702091177376
693478834544262
564458040852744
941163042572645
2004477393144130
271772156631221
188872487964301
506480389502365
529358747207760
309161985941956
312771282740130
306655952798073
335717886471309
285410614395318
327127480816879
162967153875223
173659566164621
163097566821967
254472277359563
123009647902010
108875690028847
230537440476773
210924302345024
234858993770163
450330385097766
1437743646512920
1736868966383530
255812661542168
2640399679531460
1610677452520820
2435083836716790
372353979819688
253165328140478
1597106397224360
803471004790593
221938724680588
487262688007094
375909959285574
476252440135085
386784495052600
778508140259180
644457488997254
729539161898986
146988035964355
1998155803799770
856218908940424
420497914811975
152882437641402
6670142019701470
1582504631963700
1683233188572660
1644489022461580
3768282699923320
237334686968049
1515692962017260
769793356417360
955973221233017
246676830158782
852094515538178
1401649953439680
2070438946522390
2235351930031590
1409501152439390
160245754126781
506072986160206
915897032313180
504969649535916
354083588001685
353969641679484
3933814673509200
543976233953165
337205430246061
576112729214213
107301942649216
1782957848634860
227074060979471
24296083590036600
562084390605441
519760704769913
137871196301932
231405570576299
977573095673141
304945620420632
746454540773202
1780801332206700
1904120286485510
903682263066188
414030905368569
24260085543590900
2268910000000000
2222310748040110
622486188460865
3352834581472580
177594973952050
1583033288661670
729949827527414
890526561573822
694883668834241
445243742631104
559956982410524
758310154275381
1926092670816040
212773865818858
230856480439558
3475740525855810
486913558140323
282320740221093
1437446799656500
1709840645946210
565074401085015
1986177381696130
326415233828425
842851069134883
764196395105084
353700901738704
2181531095486050
3211148749006640
2011678605784860
4193291990719700
251140928586265
915030685240264
1851940000000000
1471042746538980
1701360886761760
1437209140000880
1364539060264060
2551365051755590
1661033690777650
1722566221525730
886719049799155
931473816874235
767477103337813
822537361216030
818644064841480
840518775987493
562932237983236
658609034231960
658556080912801
464974497037114
559934552859058
478288885599623
549726705088573
324529057695028
313618774835476
339960749539212
398879182654811
414161442999078
221434526545268
221599014551320
272033189857108
220103794857188
270994913049655
248322705378352
270446391624593
237570176583291
193021392130452
131590530676412
1585140000000000
132153235476030
1417958852245690
445411555624808
173931146461931
1721195028138740
174903042850625
457849770988811
571883150526862
442335885923122
439054646303882
816480705076605
931622724675902
252029805231985
356208281590226
3688485544733540
277775769726869
125484998030614
5708462469229010
580306953398945
297915463721088
593952800716949
681833595196596
381563302017786
767097143932649
1608659186078310
498936265650084
292577254612803
1268632320364820
194447364368555
951185375052732
1481171528877150
232222550233900
381908099233543
947961881888595
1815628145339650
677752685753806
389803461143556
1969163056651960
918818341498856
1922260000000000
771483922864250
1774691106125460
163565527091869
635779833153290
553091691459103
387448438034113
1000556761726220
664260934102669
620147091492916
194933768113932
231862530298293
3094218800589070
680443258657183
994710530657027
315800345817364
700420110112714
1678734835476460
698502272303013
749431671737675
644273606399165
241572125966587
1076951913525820
986360679419814
394208798942973
860670677289037
371263343647319
488630614576807
191303194565554
196862593672973
1493938040838040
283692601725881
266105133786101
451309968318120
1044179168953520
251069315244787
676570555766822
662150088408244
580496361975084
196170677551745
179391552254482
286561685679725
376439689786996
1353068445337410
277289715688234
320080442288420
1263520110480960
920368151628834
565681243582208
227816670953917
151256365453206
793093279071995
689546577822735
110042432166999
1050852799067110
1411143962523370
1835585559890010
364557580666809
847299368697344
2024387914290070
321495474949639
193946653179016
935859073113748
187811795168689
381014992452523
332816734518130
117258270425964
237401967331041
771697623690064
346772812154392
680309678786932
774166505994529
358112126760346
1817226235169330
2819293201435510
774223990000438
927053730765529
465548236919987
292736614217578
640928183001503
961697144954661
127187780691548
6400347096709990
1711858132401770
1731312007090710
619569124831119
316580943386966
2612289395691210
2447832332118380
664412130632662
1565495857036190
720163279166546
152341398238530
2412801422337640
136436146895730
558571594167185
958936724155685
2628350757219420
394369490735349
1242592516184430
513142979374565
402439229885479
199124884003662
248021745321184
348675335237639
772450093119193
177092323086106
924757535551424
1064954653675760
242361925952391
199441290202738
984125898385634
418990695827883
412973512482196
948106285243835
1693347930896100
176782696206732
2494561570768200
764126800407773
2495721930665170
1786217818367320
657716216292118
360242410679089
179893365519551
715959921792956
577763865626604
349692398785522
1797891663787030
321011744736203
669296156530683
327740061434769
1392390470818920
257728864628812
372424619589175
597207410628428
729272874117542
2380545671971460
224704757649902
558175287893264
2983385548472740
2371864932855640
760445036229292
314561445337240
298444883636229
1952715221562230
1718452558389610
169130306911788
111084539101928
279980763262038
362334109990328
546614748722238
1593939514171660
1158460875048450
1107055079362020
1196457790954140
231739240335927
1974063679474770
225277047653294
1611725749085960
723746294681282
214081087489949
880802065944988
314439625347106
218271101886423
1246686379069300
836088506453576
974990395891831
439950679496318
1974350415913140
480677922072052
291941954317501
2082458468784990
298929507591324
4560368707392010
2346005359011170
694713048533351
617365899649712
2180225955441180
156488584498265
680854946026972
856453078225509
760206678798224
601705830193786
3151537428400150
1577680765675470
948996485570059
629316267217367
124933144350822
2183846781817690
220957531351997
728482372110612
258480144310322
347077460972832
758110314399973
827356697364555
1409883002729240
213471356698881
395970084124136
1707475609408590
323003383770124
855946517825099
1578867255676680
563496708847767
825268807954088
1412928248961890
1703848103240300
606720513379819
723279827723052
155504316082
311322122279892
757025324325875
219626928724581
1574577026226420
1620122461622380
1859327657464370
274993639294665
264603342942223
1783591938622060
3717601184916540
286701255896389
851375321717392
394358950711680
2146471592265220
692812544162696
684672114895709
257355954358673
730939515131826
2348177462133290
1050045928374000
1183631085042060
735078355206229
244023266023956
490360107684778
1028851723803500
312524688949892
573743719681944
2533464596966530
854825187966993
1604475739815510
1473711980068210
1477087912402020
1492428661071240
2606208859594820
424768560911440
739520039434261
206636909463092
1157970031789560
425010034556503
416814938464154
841948867463310
300838176100372
177120997098939
1583316251751010
1615670362044380
2079803368762440
846176585481612
448566218501985
761551197305081
269402879912859
788399285859411
713435780814949
667896923259304
372517959810833
4737853122908460
983410121670418
459720017558083
273505090773951
2841020516030910
390343472509444
835605066507742
605887149499103
694041757407873
336884320217179
590617597725775
844239975592076
1457670617626930
388610198140583
802777265314648
329096843950019
404465090120010
5737263139631770
834010024006348
491954084181177
505084176319780
1456180341343600
1470934393146360
885097921914965
1615103538765690
506471269458073
804705202890918
3009328099139420
1514445842659680
917396554974034
915728661775643
196825387393672
747793381960996
1975932345966800
301863699969929
526412197408224
830809627040008
117545118934751
1392694117621790
422793518386845
554594264644230
1526925840811500
178193582354123
538540463567053
1943170169231280
761407990646405
569450236583029
126461244713152
3414885561857360
656028071472082
1512470000000000
2388431594604670
425365117662862
1839221006405050
1759820444300530
760348636234734
1544185429214050
194062265115569
1701334730106440
415440721993950
1976683825918890
1037045729681040
1408763249423440
1668828953338500
2504483609590440
1258954707516780
1569330000000000
1534693486603870
957283541375541
377058926080979
7563970000000000
254153211281742
269821359796606
165506463891788
618700411650494
1779354855587700
457515934410034
167363293438368
687137928672626
3141355949309480
1054297399019830
247544252830576
1560632014758070
2394622284116420
1323059374371080
205094462978187
348139014178587
1478300000000000
327769310665360
229673753886456
1779511082332350
670056280428390
112808155582756
889939242543953
465218777182576
332150827686913
683649298366673
1686663088285420
367153040040800
417910696960503
558003817636109
1568752730181300
1581140000000000
2477031469189690
1366536986747780
2736290283284370
1249835725638760
172287579493533
1451670000000000
1438941579748200
560002347528617
767718660004149
5532578970142620
2769951449885330
274753819685929
2364811870492180
487643301277580
214914761970895
622423661188763
128320680614517
403473829777689
1134920739954350
922528872465531
452209841630594
1557027310978580
157856824592068
832967636796737
256025764498075
853563584688339
727843747314185
340418832744157
244687449310637
554679136164770
176075102728180
5582946278450410
1451481575088280
175571169865337
215126076536269
3715790000000000
901270248221905
750040291682375
159129459559971
824546064265957
390185441192817
124954344513961
129332734834754
1441603076147290
957404767666922
1062215175230370
2065700000000000
759747770773761
143628912669916
1012909850581740
2383467465109590
909401870636645
897395296954511
600640769949565
384300291769403
1828126324081020
175336979183748
493872381458244
539388826118103
861652680603325
272085603282116
882464042971718
299717546807036
519238321549542
297473479913960
54701022375
4080441115363910
433901693433684
913463886151500
711808772198513
1833710730220140
1401619830529840
120508711430315
1919159168242770
284699155195911
227982098395996
645886622172234
426792324355349
2600999666814030
6675179159218170
625553774251714
740936629363203
553275344805163
1121972705799010
757707580919625
2459498134276340
471019221252435
554764102073025
864207583625440
574544645973375
1405391352808220
420771405144626
1619874534959600
734669713334662
634533686601587
691108815997311
495999943760816
1443815595909530
856176971100866
979664752933309
215393625704537
191230277742505
746211242979556
561204620568047
533340573965590
397864556994709
1565720383669180
3205125462967260
122994616328385
206349153298934
591821397531820
966264100551164
1769707010221890
1509401619325840
606795780793013
790640201424695
570540673661534
156765657854729
142686056606313
759713294130755
818622341578533
123022688410420
394112027587490
806278666104450
38654349815
2895820000000000
965582134989798
514676745675021
2309836839212430
946824258697822
1715193942033170
1857586647831520
384545278319470
273714621452980
593179467513267
708080452542737
2508607276068810
1096964574471210
847172036628738
610796405613513
580127588679307
1447495835318570
322693683268536
1973751116275900
158112727585568
221438784626240
344105633302875
1818473391808220
204662273367826
507943584141503
1888499951269700
6718064481647010
1461960284028190
632859126789680
185537978773078
490350457698551
207218037332056
500484396660568
2249222544
725317295447112
725826169608320
700201159992643
492649904699279
903157739707241
3713313732285220
240508366415775
539466143572348
494153261830124
1454537031519190
1332410000000000
486232840210703
881394921931754
263483213010996
426831054707971
972423713855346
472735176395814
2085112378383030
1985095961525370
275028751189160
822008335722456
316352740341044
1574916349457270
256777469580302
235661899962493
122202698385968
979127175781361
1282667252596770
181162138718131
290401015099196
838540481405401
995701163799338
368489166676564
1745413019122500
1634431316806020
808990165866958
285911418182780
455255071266353
369686057654333
418623850048820
613024692130808
816024903510536
244924823320451
902744114680333
306392276202980
190630864458581
172020314980835
3587840281490660
864839040307257
2088704268057550
335184703503499
192060704838435
1544874948942630
537673237154940
4753890000000000
482737298544920
234974843275562
688087117959187
451852371582058
387905754602562
297578217707089
673330259377281
1724767457853580
179475522244509
307146097923798
2437162283170210
2447956215436650
649473735171604
312333446552448
211385992613933
767650770053019
1285068578661320
913211138740665
131089290880788
163041104353134
721867215316934
178413589282856
1624739587836070
777588042323357
293669654305424
525066358975187
680230956707015
690312842959990
1174562860190640
663214323766378
724512654321826
464496415379224
17369118975
607615082595945
1364124637439690
410204016410187
488412264532128
147901687406744
553413191457557
201926408239678
1696144450659770
483203122307919
928817133904153
213817358721506
953098391420429
1501854976763650
458497561957831
270491666408517
582770671734000
1666098900272710
184025283139438
543264116438127
307929426257610
634587166641193
386838731804478
440781425960542
1497925360519360
1860786130738710
201078097505189
335244460016171
941934139518492
546174203051956
321865987918312
1529913394437340
259546720836055
801674916536834
801927086510356
399659616772986
780837859058587
3505760329539380
697397913654773
2217375893
679958715444303
997397446937230
483036245159448
367206993401186
560149581495257
1648773912064520
761999481975316
193209120693469
207884669340415
347899511952070
355385578884280
1518596211778440
165711530574023
374636426407138
769769936437614
387857111413003
967227563319306
628652200503918
173340102729813
312490776538782
317671132133513
829507017081920
702998370203569
2348006075397950
995418423871328
401098724454653
525672138770319
327507417371632
296413756196306
187427107454710
643174945777478
972510186095210
1573113306277160
897947931693644
429724033899742
1356680000000000
861615213885566
426536017692945
302315880181286
1238753686228750
422951837838020
166927713872365
344644992386172
330171418087824
804921710504208
388079713558947
1734199803387310
360717447623719
220704121387351
3363749330385270
490378851329430
623579801317877
417629178390648
1355516874837290
2030610843826690
671254929715702
634974326863784
2093066880984310
3240833706015390
1050779145340300
375004265507121
1401447513452220
855136472815642
808511495883774
182362930356329
1583547518366770
1616896241959140
365504779681887
2444121332502080
1702723889965260
707575326043415
1874919766097980
410084882750270
31820325926
322275324278405
7746216868758010
527622681077142
360000680868968
1200922890866870
407363226415771
285721284894380
241758261638158
1543472059495790
340826092290634
146799209349494
474452949326969
1131406750794020
928766097701856
2281627082149530
122909964717237
256493294537875
1242504895837370
292271834675439
487830417919788
1550170000000000
935003700308944
718985721537158
6113263478687770
189236735180179
798507397972789
524035622206977
754423031287817
722681417831206
995331338977177
581117342997978
835151989931266
278512092536122
179516445534717
1633641523394910
645397048936992
489760111484615
201193917231889
1091297105117510
856600234753666
111548991991271
1138981332850750
293437598692286
253349721899189
1567006427409000
429176760622985
882643208584711
333190579269833
1669885443249570
1870695813185150
395329620138245
428673210590999
212513553523539
922101149329966
1449564011988490
150724248353240
333129754336596
251371198350049
1634928936803890
436038523105363
257368045246829
648869959281330
2038578122868110
917959112719165
1955775624735580
730629167705492
319956781741294
475831880964267
1484582908315500
789633704894951
347721185674685
400122180085618
1597365764408400
2493050000000000
230705446724524
497134622327752
103278823391326
929638417088547
1720814814823540
1186257208054520
2456881774621740
2018010361802760
763586910460275
881209895309615
6784703624945880
542733159111480
2149416698644670
1736053250123410
823411947794842
917141645089694
391940037647067
376882175690899
894088674002525
1426182531328270
2255418521412410
122000045069246
1808718492713690
2217992152
824551854233289
114234539129560
361733163937040
150602962278100
564621666982267
233367956855200
755269234841625
1153706445971070
1724095754491690
120321502000212
300265505027766
514396367556311
762003520570089
6019037864869170
2024417397625960
499640191497136
1654367024827860
447093863290189
559280929640525
457697184297202
371463627027020
688090907997788
669946318559182
619562149654611
871900451282429
433592513429793
778945132159997
1058073357542270
380784900983312
216695194844549
140343576053642
857507957982555
1136763243040850
197483417344062
483262618689157
793940351051679
706808903639243
606966550853361
2705721276111310
5944336182253230
3572705929664920
536809619723658
1501568000121700
395194876528777
794599674040450
1200575740057620
477761755632098
769506343176116
508765619206138
972875316248936
7361129702
228124110853478
917999688704483
448018258691236
464665538100389
708241709656904
2666776273558000
1247349442045450
553821101390587
290734731290334
734300156652616
289010432760769
253251578549385
383698594656496
514356108752676
1705248796354050
874898135948842
362836054551827
435340657595254
238880945241166
630221511054613
230013391579696
293701354579761
1244393759013600
465739440292721
745998808766336
285431555336198
322954920502219
158569964648261
745042852325412
769105003216549
343678729062558
722573661427027
402408719964504
500970186767874
1807860466146620
528173583920710
277308479385603
330582490377319
835965339792645
1769168836911800
1778102652601860
426621220328409
882537698448177
1680211055557170
1829748923937260
1649171058644870
1108592579301230
639892769513648
470121613135387
488748009196692
1281713101875950
781075038617614
559746067495235
475543262522501
420314641423168
2148590708695520
1685945098327810
179574196594618
497126484471828
1082008998554300
477067653242221
213694013203691
470263107226395
206677706462322
880208855487180
410124079473595
1797916023820030
535605260401825
522362165791099
1003974306355670
921720071179424
244430765746877
296652177174223
186834038353618
227958840725224
953231848141943
592625602008582
274553233389526
719708557005616
1213206922479460
347835595369354
600042133494175
213845066541569
211851033984597
1096955404061130
323795914929640
698910553625335
2102310873155940
245084268946093
152485748278269
265054584082703
4619639691480450
448045318621789
1623894871191630
351643148362161
1484083288535850
418808168314509
394865504889684
1873032429732230
661629705038177
1448116435228740
352483187399085
840181160557891
467239393471871
1492295221317610
4898791786884500
1781217512166540
2030765563830560
351638681654608
345049822525783
372213687468174
358021914384347
135668199964885
1672589203007470
354750928343062
1198505483505920
1602938693277980
1923724297832140
988757867815476
971840072843555
549479661912067
1553990000000000
771081126794159
353461431420334
275378046561209
834852730399382
387579737928661
252995194783383
130366693686681
602926370417136
732328516972712
2905075009717320
1474820000000000
1660554310999380
170648723270124
367428442549122
172138963390501
293488314482020
551556099039179
6350600315026780
931428527056210
837767219628799
788701134521448
275940049491229
418057620247226
153405564857690
316203053468325
1767459633530630
844067159116658
3303279979780020
1050647425858600
1092869515043380
424365594390244
336422259779558
342044523245513
455120564593419
210737275728454
847161462594854
815251998587859
857873248282670
265251952910570
1005080000000000
742327042789326
632509630281688
200113733657600
101763300031119
554915868042856
280096419009522
611719847809162
233069973568439
292220201997769
1691884254473410
741194485943649
1729117734233040
640069489424499
375232579345344
254972761900748
612014552891329
444476547305608
1797943380517680
1568991063115640
800303670020813
750969211736714
1676196722641450
410520361324504
630477513734554
429714432338379
1628260000000000
268770864496905
686994617980288
1233835467293820
470119836356237
115398265855252
977794985683628
2499480000000000
625282210933159
143302896188468
352474083920697
376756095750034
939468896207345
3292580000000000
126518080753341
1812661602316430
354863644599581
364777890387958
1631665246969400
1661881470713500
847946719196105
341281352273762
723251112056469
565367746948761
528740821447041
173571709770703
1021016787912150
3538200629577010
1411873805782560
390207739483473
728243520669304
783995758306889
105086172980778
226189004428290
306086066401767
1890702541033020
500462468450114
5055875381192420
1703680796395260
172759900215344
3705931736188650
402175606656732
910656359463274
408589045898402
465149543673982
626176970891160
490943651006186
1321383585508030
1418037278497140
1641805236077820
561366000564485
462929737240521
1555936551322200
2545425072339770
423159035067855
573034666224459
876854037787281
1142920816369640
999185034661758
296236434117891
805781196965357
983229498490115
110145812488780
250007371847132
450530171801354
1711697675713320
1536987000083630
1595922963982690
3990444094515520
818904408122902
371702699618576
1646186072347520
671208729919607
3848052321953110
366204244537515
3050311604993170
1507570806182020
1779117812519930
788927227820535
291258037976817
1624332564512890
792879082580130
115202905316863
558118701850626
276999142148023
127593781330793
657192064438309
488415256076941
1448100000000000
873991470861557
390835097933377
1759330000000000
705157943861661
416492878405261
716507936024943
843872395753071
3867291640219780
433235870068467
1017694460077100
377571414626617
216713788498588
210497323456856
210098919341831
634551936710067
1589089871903830
404493807798763
253914649704751
3562955987307990
1287948585452220
709648976122545
727504960715208
498508940286548
1043082979954170
2841093689400220
406274472873298
560584770796236
772223907033434
420341628999655
233229720353865
1250151718859970
180950554052878
574504490727346
3612246985658880
631623683707494
673614269458617
803249899689293
333661806395834
453363239989079
1146676952745360
929510710443246
112757952679564
1517876725186090
775483278086954
736605169809939
675650847682287
264909044082034
817346858999470
811920445659609
1121479734631850
2910069175912240
842279765819827
966686536762920
1588927418079230
392486864231983
2579680708981910
281238102289525
1504305853121830
352235305490745
4861285217268930
1565266633684980
642428210276037
909530989168878
147511392533871
340373289444857
121181401374893
356142198443338
325369247846852
999702783398690
848399855183090
18767265251
817190045056173
330428429781589
1130120140342470
753911559341552
457117060013541
491175271253304
945844463942883
423623837746975
2108473986202490
1029185367577800
757716170992540
806150370792839
501205883551052
377689267008246
215801352222578
1099555034825640
1100591837234930
726760738074307
2643088772657030
3744410622267080
606650923597736
1932489476978190
746748848847731
1707460000000000
390793901112414
1884554298493680
657448417760246
137176946749750
1490706391321520
338379362947191
130238685584990
541030734389417
1562607543990640
1327423417276730
464442706912802
479366392267140
3374996749392910
742327679248458
115098445705512
780789515342379
947710151952670
664154853631821
3283965918494630
24390683707242200
834797664295158
509358772476014
657686403106306
696391944812720
198211298963041
2555983287864760
1493239057655270
5367898983246320
1602834180020230
1447650000000000
1680230000000000
1552626018302660
1689002057880730
929695847148591
343551251441384
797616342134500
509271006308381
192341242479656
1030796471183030
1666231747023430
1311238156390170
1166780956672540
1420490994858380
1509932092659690
3656528131050290
1575463139923920
1519824428249800
164345496998707
2465084953632310
742173536493454
251598840068296
850097256657826
31614592451
1788680000000000
6534495806676630
864514488483221
1001805643265960
968347207812792
943252670307103
822160777820353
942799442568585
841789292499989
841701799257233
902017639831134
723597792953125
3375763569387310
1660517874202370
450139753300238
1578640000000000
315993886833239
127244637824399
1578393405771890
230189323811334
664963783573255
807319984476956
751565223491636
713436864154063
687166584776929
686635931447073
677789009684244
747756669008645
759497314141257
952332591461363
265907087835076
453015008220128
991629791509116
261908474229961
542012650545983
622442841749410
212754191233660
899928066709755
557511317701874
579468620818610
612353695632311
589132397872271
595998943914782
558576087493386
617186998382813
450780741753869
2047667338837030
1064115737276760
224343531395917
863137607088857
451533831876740
391567364223097
460275514028922
424552981290431
331309478190957
456451901160501
430197123671921
393368214892396
450595815144300
323599984442956
322632077843563
292680711166031
268596453673472
478008002229110
221176714659063
489613184386214
108363603168087
735752306543913
774010452638021
1827370777504400
373672136114047
952671726229364
777551452689711
1855281154735820
612458439088226
2293616057510740
807826349292263
637196279736974
1390131978548770
328474684028170
530067945137006
2729998057105190
2579069095647290
106273612863407
880351498691468
567632350002690
177654676427626
298283466939814
862135550523159
795601647129729
1648318745385180
223598381181826
232712496876876
566656320200375
571586579589676
661014414277948
621258314605962
379254739120582
708125729273709
406795839482996
238284164341737
315490105254443
1407628976205720
1428883997327460
976725455795935
935109283548413
489556262446509
731157586957731
514886218585844
1603049759958600
982859945207269
253828165093361
265037529151106
2018282381724240
317449331638686
556515111084626
2497782220501490
932434942040271
135084296593012
230304170473381
326464267814368
1497019913852860
891189979028782
737577873009111
218384498286417
1017244823299240
518269891520540
1833087110250410
142918782950045
388881323498771
1692037604353360
161124954224733
302915018472257
314441400434351
1591900531037240
688259461352535
942393612438937
621897617931017
509530042544285
1053705231307770
145297272312347
261386058992118
251459848735669
269123346923937
266761943870209
427943764000563
2006012886286880
418890598948676
1756999611042310
818770398236851
2493144620712530
166667166341209
232944676497941
264045750026211
434256306726480
1097698290999540
544264223030324
621253099144291
1140911179912020
765771927644267
130664594255879
2432270000000000
436388510777577
123520209684959
154491396522822
991567927711309
155759463368239
289419758317859
1536088879967920
134772683377316
301525403317502
573406876621308
619452368237494
1979320872386780
297027227323560
461115100926828
1862824984002560
418048538367112
1639936719599880
152204701804315
149760408886692
241799173405106
746304325477290
445428295519186
874046859305013
492429067450360
220070689238373
259050197950761
1584191515007350
1549937991943580
424883254727482
1988894454714100
554033121461980
606085379497628
633773053300297
821311625758197
3158528264206390
617642624942918
278043082360438
526814327377393
173051102749029
2206011236394830
1593970000000000
1779057319217590
971084709681292
1795116377403430
2158931604384440
383021908547420
2117365305294400
359113001224000
238087879724951
196903258206493
247074871832109
499056343623916
298997743907880
1480223138884830
2428940000000000
1945200000000000
544316959017979
1679768318935580
1660640000000000
388024624994665
717512545036777
1977180000000000
319424797358109
236761181169975
535453818767826
1870884386662690
490629733031064
292018425764255
797764372182373
1905086396187670
363663284005592
1647950378828870
2053899488228570
457016147664563
815888692515290
2487002624661580
593983177387607
441609479228129
421785291241612
510513932385899
815821023081372
862007314158118
695970280485155
275166402647437
167551636757536
537737892948065
3375088552525450
134206966788177
1669075080045690
304904756278200
620400089702667
727780174302561
173168576347939
243238256413805
104754999988810
636234216796128
2954303328045190
1554810000000000
1919187301743110
352418766184796
669696660285644
816791775182969
543035142570109
844777890678050
319670665681859
851952586723572
656031784527417
282793189551563
2673768029526160
444086103281770
362968718669704
1926687487492430
1448864412054290
182545865282774
2192830000000000
953842915840888
269825309782337
344195745632240
493715670669617
1642464152682750
1428500000000000
196592027582644
749297383109602
801741773174164
144552074341313
1224237537617110
351483901707755
431663136881269
483019858533370
1437191919903420
639065522893803
542161902838079
277535539450459
294880778497002
842711742412854
645057708912311
461228200901675
378413754530612
632733780115822
2413416688912990
653182921401341
411094429085058
1600916209993430
2262781393999850
3932633950160290
437570056441410
313708672148332
1532127880443260
198710200625945
487135926858875
561548140939394
869285503926548
1584054148504060
1015017541874620
156270777892883
1566950000000000
639532446177849
359917701054050
238846816595667
627833613931371
2176200146008060
102550323228456
959780434378398
429990036377521
524181648116469
679076429773627
950885663240890
222437031213807
240860849393772
222392657928726
132221374106833
890680596495699
506949869654823
445318681722904
1154110000000000
746629949531879
394008317996875
413476412344407
782332908568722
963086664799074
571596859642951
2960110000000000
714948498704578
549959498765981
479251243409685
880106490349330
1854140000000000
467411760341134
879382226277561
730748919139255
936472270539638
626863822060884
604666474963047
664405182220768
359038003498381
447908255937491
309578881824438
343316438192166
886333255916104
128406870831757
326654336994735
195217439213940
3579180000000000
300281534010290
211739678284883
759954992470427
762819695226769
825882552480068
448777318095928
453094910775417
286621306815480
943077979087772
960241104041011
952742864770985
960249644376708
962303977954167
957989054363470
24571736953
706745704447387
991127196025622
259050196431931
873226667003987
378784151292080
378241574586459
462356509223141
987789192416284
627924972822141
808066597362488
762711600792252
693115161512043
658188992776214
640337379894483
502152048220893
675926214519237
954780384691680
150162394646650
784138123910771
687270043594600
583537975143418
324505498134353
328104443105718
456683502108765
756536241402575
781084469191571
211656183466107
901023757027362
2690440000000000
902739241673655
600239723848003
731521098881366
477629264591024
451611241085142
362103559573742
635178204502370
923484809175405
736520334115216
409423610384737
397939979858208
247806097614942
479443016643540
519435996479912
806816571508774
198331855358191
477757864558962
294295558330674
760129861372192
359380323323645
337014638602452
285624201185687
898275751956783
323109611180727
634097798928107
409645154384365
266333477901041
831693608687659
759783812665043
561873247880609
453188697118620
164958311489468
481811216970812
143855032017971
673419614642906
310828930151637
181698361918159
688051651704352
695530032525637
382064778828977
226693928642982
628613645035035
684219749127370
677469770840425
512003363075577
4300130000000000
618534298749956
333284836171766
792153174188393
449731181849967
470855665515997
366292957642534
834263020065641
708629562848415
828756351501437
311807081268037
840503897731593
716558669915551
410353672983740
779371027573190
438615176324370
781070759513115
1547840000000000
985779518786352
342195219597843
382840788961441
265736867105438
336142865105940
858923207491953
935624553186651
650132785838658
816271286961554
899343633495565
797426833642083
734990973232943
456574861358536
730644747790768
561287638967355
750351648811295
820844861353806
792945437518275
754486957939656
801225103245431
936598246374509
562671467202086
553518578375050
455938191213992
552819998417963
933794396691081
938825519550164
676246402393356
281844461045103
201044398277734
359838182268058
829758131123201
1073080000000000
787784878583595
805003343010102
362473098425135
783735220392621
216280574903478
974734120989455
1208090000000000
435855705535153
313400312556398
211133069364351
612416573511630
198288343924847
697815517891397
575422030582653
563574359094401
280864396000817
511667102372490
242660619247465
114533242001591
576866713496033
279427748049903
297186838048519
349245177756809
533093418014919
571168773062626
880777283813306
173800895738495
146779150569870
793082716074413
435059057808096
884196850044192
6780470000000000
178535512986188
277635813095031
934418761414674
397083881806865
414863369695303
964966810843093
503772797721334
189317957487137
164422076292305
208723898912153
945730243863211
889086438262180
481785581997595
921436746383821
1541380000000000
714231860531134
215845599696816
246863768085082
957002302234807
151814179457933
915490806724750
589979826247053
241366907101466
815310382520934
952870872945111
212606684887989
278627998620759
460923609982504
351129638368699
374219405262089
629973444677417
992071089221035
725058462357049
226631013787150
288626407826919
343920083630223
359827241155045
445658262479787
125583730851506
385458586055154
379502175492117
847838890177700
613476022613389
607356922702787
610196362404785
181911365317907
592280807610942
1043511359111760
128101631102093
882530255141122
1077882192894380
930769315476936
251999871937543
370529026350984
206941185797648
315521342444923
232608554031417
349852560608517
153415138326145
1623360397903440
696783690949013
137430490148076
256906497818024
462604207470775
884577451974132
752153566537025
674141232666636
587217021308201
426967068108234
611280439469223
164680763866702
322432907788843
937838041306960
570276373309601
543660169076928
2669386673378010
744436258921052
1036551869764310
415827341853511
132922607467807
263376654343387
147900165923709
114808598854154
170925383065754
798714574191667
719996731490083
127703811175058
333638653460936
303645239693411
161062217870566
259151757593031
1759354740951450
1255390291219310
1042802640434660
269023996564371
1844858442397610
766503251210495
694152924031865
2111461562451130
587158492392582
202017558052279
1171693162873470
629104939391427
325589227585279
297493777503646
1566982847479680
389974754516723
649472788575980
652776926768907
296418358244434
1689310000000000
394822830871048
248030498733778
103193593554380
279777946358180
311143849021493
1785963508350620
377388945800362
482239449834388
125145752794650
2040647402952580
234889769891180
632139900325076
657939414988588
666004530091324
436047661639628
556842821407522
571071720015289
177711372373081
382656298853395
686339994773984
813862725406903
1722991534603680
179597712451558
1538530000000000
314218105708903
1525278094372380
124168141645517
316543182456570
1665844640380210
971770739901643
201515260261770
233854966992266
836465239844967
469747731673457
406051632842221
260333841499663
247209785326589
313589179664626
2159408674358830
563101873708573
542514365901718
319165105229853
923143479467949
604879792888750
814262765409469
1426476794130840
396849520366647
1785970691665120
1846251332428190
619097004783552
343181815066317
1516559515313130
908606359622729
1774389872988260
1678973855596200
1788290414956280
598030177957977
461692407539098
436268014238827
992528081665245
353322611378491
301996469896183
1044190422613890
455540597966899
1701058386810940
722235841295257
1104582762966980
917603045378738
714796502002147
540233236574526
1880334322201440
213848545470621
132380207482993
294411184910230
311361686101620
749857973222785
250329482549084
923485471052132
542523205836167
249227545487684
449001179955992
1504354133157020
1606495626276850
543682985770259
228740210596386
943688472439097
2911090902474650
436766500486134
1759647637634590
481767725196181
851010655007950
256457941446958
919709754766618
207639466581536
929694190997276
120699104928406
1177741955624710
1625020097752250
349119035224976
169497979902123
1004542391270740
1481940256076880
463439687024596
1470940783149060
2413451548878160
423325884474389
1038474066182390
439077106200185
337780540507203
215030665344439
224925454307513
379547602412013
2120113731553470
125499254298539
1667159353497680
1164043844165740
937401256413350
1972079116343730
938997329472343
199161010234471
894973090576202
1024148947689220
701521205018916
879439002069768
315157074491669
828311157261896
1298890996795340
721257091297022
800758829946430
534580714739699
1605955109690890
1574645646139640
266800677386641
833739903910024
173721066163047
1678449552469570
796291153803529
724579020958018
228964207267760
1604944736403460
1111026376757550
182705354864328
1627205600902100
1664816130414930
572266039553679
1648186508832070
179811140135215
312655749767411
845125805643096
1664569983581020
445199132520535
565538850728222
683742632117949
983215568804841
311287985604957
1179441619126390
863610840863339
248544486427893
2757560294520260
594402240978699
663968713711510
465583826841974
2136590000000000
1297011837680020
107053446631245
175778714634127
777073685685311
1211196396000190
2054458161463940
419879373804365
813536029289317
733459273421697
666745303388574
567117513453600
835626921902768
720026841700957
506233922883126
234461643334690
664177490378037
968756953202422
808406633347226
1027001927326190
1354279651863630
157038228001216
666340734205622
632254271005858
2254971554726700
1583870631853790
1940486272899440
111195552803911
1938084686458540
1769419936488540
902876480630581
326786530744384
1663015570398610
3789927124451570
2088852498024350
284184531772105
1079241075553850
237381159166452
653450130140354
244383527154670
914403156542792
2042287935784390
2095916104138340
2725082800931670
526640145960253
1187113318486160
3325436764381220
1613569635391020
1497359787237240
2166053190277760
2320993241544790
1993961437528370
1493454684247100
1172187776183970
1455220000000000
1377998282925800
965425616867510
1091654135040060
1415800785254590
465047554507160
3679006065482510
554219145820507
733234916767304
780517865312759
365372680642032
1169785466381940
3537135643276980
920393795599570
269967900651406
696508470425019
2653473318209150
209180995929291
697463260366233
687076778038265
666729623412223
651382601650205
2697758440287990
648493511993891
106184839471638
844983618848925
491042237607941
570422503822448
479917292172646
462981946165718
398640683618130
561808550611461
197371243936780
2394330417449030
1886218738164960
847150002044162
602862756507956
345197736029179
256511688081063
291728814331869
326304768151107
338079279646247
452238074825320
365661961355938
241103709387894
2072700789711550
1445470000000000
475229639522477
238825134417051
130275787812538
217569789195180
119884484827909
165302337647863
641074909362403
255273987966819
442688412506497
357594104593362
230769684984537
848396220147161
338438733027748
234176079544239
1877134685839200
412674335519194
1204396523010920
255345561839316
405338086310876
476556725877631
1500579923505590
882613295128282
1408298222821200
884558388259851
662999045074920
265591750282998
1537363756513980
1897854047114060
1655375261180110
404826034624712
1955581888001930
219590604782220
393053760250264
925435697484715
399468213403101
686416334769843
522139128628643
650449018347270
304138236463268
239680752855125
984235922285585
702250752011714
1659177660987610
243564269586825
135880099908869
870156499717146
956501998508156
580773908703047
516180831778021
839239032787536
468122903291242
242694017076280
166469334071695
857548746359924
119166688113866
574692264348505
2359888810706750
2056981961057070
797038534025449
840011272717425
1653159501625080
359477567826929
161988497319820
1861095397499590
293759234655719
566428204179366
1671919486397920
184275398110329
689208878135105
521990997907774
268248856630910
768290346538904
826336834419120
211900856254330
1458195527568260
663279484109405
1306311286233420
1456559114382770
113125645783488
1116769608411630
1936642676567040
490203564669692
3290220000000000
1519811701454920
1625203241131330
823579722065386
826473530720842
1118880434792880
516918184998782
598386667283662
183512395119914
219552369491849
777086870984087
1742955315717560
1195532057697160
203358873669633
563283755452747
552507065292798
257859552181129
1193036131137060
492728907782145
584961868353591
1932173390400130
804994772942736
922300581133130
384457179267980
1550860505158800
591062941407734
858629071224019
836717413058662
321129885839228
428958897154224
3093422670947860
1482874785147890
202383906606543
2903421369753380
349092686727646
3467790350207280
1071696986200780
919828764708191
1629000500453460
2690002094398210
2142662289316220
1803676323261160
1650206161960000
211248274195725
1086584678081530
2623763451075100
727636468065397
2091218107825160
2075780202644700
532479996908273
259768128386395
199301180450098
2364162973824730
814020902105656
902481841469910
210909549061836
2198550170369100
1525309591066440
149951190339998
673409399339121
1612740308796710
1588018871454310
272225489642198
1266974147268600
596297788574851
838869566315232
247832255668404
721562631358572
204496389168812
889227484479766
2982040708695740
2230529220567480
930401638334313
215097091399428
790279961038741
347991994852756
1546656895597870
245035766799521
335945192850032
337724799732949
406539982833639
2309008539148800
130027880706756
2712859795537230
342585106739074
677365785708042
176985102772429
989579844425464
837399557349626
2439346246134540
185331964866453
711015815677703
200197327996148
1386368578317680
1727624607514930
800009437984073
621207631243104
2064854547122010
274206360310289
307788466320461
939129266145684
182067955922239
347297142072867
215255035599661
428283010943961
289570304473355
607855419279804
1614573328801950
169525483241459
515369006437620
1934820000000000
743641260077449
538628979883808
1116454439321480
626150697482252
775010531272561
241376653848499
1458779247756270
1037690102942150
124103049622824
3325231904231390
1483963365190280
1952467855042860
418618711641666
693465312182985
657348626434837
319426783115684
1976173605971410
1840763109539130
717951011693238
1408610985932340
7162569580467620
193366911111740
650092001822915
455799201153715
25285786351036300
1474169752831590
1377010329293280
1681428405433610
1923732391178930
1393987387565260
399709438131182
450383201641307
1874597326092130
288716898921995
938021337847215
887013965017959
322400957285602
535096573337272
666446996724423
353863761673643
4414748928545280
717254968293167
872926562774601
833043650160328
189720331428541
159086677512550
3782612115299690
777437309052521
595096000675916
131685305663727
158792311192695
257677798437819
249067815458247
674053577337788
1274640392622160
197458110420164
136824920257290
695350907207870
763741673670162
210632335765125
466671696862363
1742392889372180
1837401926515370
296068320559302
1576947505881310
457264171062560
180366532371987
680325899012999
396201637212272
911651922324340
1500192107016270
500838713397818
1091325911262610
296138884563508
849667261817485
200783130113040
1154827478031790
896867068509678
236527219071051
261903644187388
1731123183783670
392266138075690
356391747247102
1095586000468060
97980653053
1445477669097140
501694353345323
422140531139656
426334360902062
888689144618865
245285056039509
972036716166588
1798915287056800
1407597769453000
255743715733937
553314233658384
305039866836559
1422371967794390
351942752526646
836108934671940
1082704841746070
199575314828636
722135231556492
3073789079372460
2409329229287150
405859299468395
1497165720551380
1358523290848570
1042481195800540
2604193996563380
914400693685280
440253174042975
678496419274567
315256802193885
289810468065549
624676958953841
1569445153371980
582350359298067
415654639203506
361326917391800
288709460865493
1143537593469120
3395290487412600
459589637548482
500790317565877
1759187684305580
1494479097494630
6690391794337820
261716193940098
635016659927527
621349661219443
1639916219609340
334453480750992
155764227947263
1629766650604620
414399322354188
253442972586752
363029545061464
929522323735608
340334091237634
563290140368291
1651152908452230
1851945935131350
728720920534064
2398430000000000
427516154005216
1149412865174780
601419867408043
208098349618943
1588641838126950
217034251814279
3668073163212610
328564480551025
1133860420422630
1487265408882560
530886047486843
490350538416484
1930574430489840
267889623684109
1835121213658370
254716804595061
1638593453078370
629028953956295
1441498879771460
1837154726521620
361947067324959
188606674663268
251361391926400
1587589831547950
1430610000000000
898131683702717
1507144766225800
186235821802382
1403559539885350
748536555210650
541577159339912
336679316503252
465222751217132
500496743308231
750163267147145
266114496876047
941051276027563
708355309827709
193166469169194
1874581169432800
2136050096512860
503035794070076
536030816441414
1525927637665420
209561593168263
187100408824670
733609193865567
304223676360070
220860861341883
1970441553217740
208426912682638
410553058991752
719719224760607
177826845717161
1160956447366940
850569625759276
2548072828794160
1424035785108180
837142604629013
627094801240794
262332580616688
235035224062181
204328339935300
674370876093969
595308737237054
246612675535270
174736279749236
2228083380864070
441397252886457
601859603824765
770686928493683
801657556561248
210487372452889
1019330471821140
780271618761939
349540498761197
643012539086701
110414102438649
677900843049398
349978865144268
762850080411532
664908576904643
749177925248641
234206516938061
805771102820559
356159168727002
403044780090000
893167380794858
688341064664237
2205703282805610
944605012227500
858627584152693
366488590400265
811830628852459
582655151823424
369821973416803
1036062656480370
1645762422392840
1452796671600020
668085846658403
892022278179399
120559411962841
605610962952388
808313605895987
297144929973403
257158051126083
624744754815237
320939294672996
880987495384030
650786035582860
962431811790910
422914417887814
2126538784354410
926477458690317
717038138345605
184739792139378
823325821018001
1211514528926450
637910563494160
245735063999478
237810009892944
280923463328682
155650738253838
212746305498441
437719249616859
905170657614326
2092884384362490
3044792449148530
543276935847202
657015707730101
935047634910210
1922513954862890
686370258712413
736526049745232
479562168791616
1050061762929820
979777908712913
640784956110764
765029845279237
620941122069638
810275812388414
362470357256032
812268552183265
2257225724534180
392004924569752
868144284464350
177343015686754
464622387607115
529237457604159
2905559219490180
246048945534448
574437370718586
1392621170793590
144147815780122
873888914288106
1002744433257030
339160065123309
727220758198506
702575723263322
494346774246867
839125646960245
913943040259466
1330900727756460
1306727933543780
1804849259789340
206911332686776
1362773160839300
456455391057865
1712997592274950
346856511233386
541086349288149
684197250324833
165758397329668
843753492303359
1635170450104280
5618960441493160
6212309715551070
848711795253056
1754120000000000
182379488631101
1541634062731390
635070113365130
398516014712267
288631909231539
7360617350620580
1115122941839140
199333543735011
730136978979659
757821453229660
265550940274105
304618476313575
422715191176642
646014946116338
900484221850641
666932210598588
652150622009676
658103560936432
557880784685635
1494697970793810
267141223407578
1180673388680480
739603511484406
222736391921533
313238675422500
612846502119112
1159606015018430
409736689721649
890375154348552
394424327332650
799096141180405
351409118682733
596089153741765
1496823214061030
532114343510809
190053064693412
1804894473042500
696829567152141
1792508264549630
182759342919548
6326630000000000
351347221637616
114537215276439
2754567941482800
728360824017756
1205477086511900
1255779587905380
545641869964539
902675443139360
754464689024626
1859490000000000
3645501365663050
1511676792422290
830834916954243
753112076903508
608011948161369
708920784786611
1460020000000000
940840594099074
830344022369958
357373010648
1554572304754840
879634822056882
564177858506550
1065913138063600
1681978041968550
311597191253203
474210499328828
522154955478397
663755967910775
311205348150714
875725143931012
752241175612619
322657441822422
300543343348744
305621319918930
333769353429374
853866097980010
1684317311877520
331351194304258
1143903603154670
708575349222922
172586823367108
607397622772232
367038706985162
1203272763769640
761188573945900
592418685238259
485220520450958
701031163253666
275587806116053
693974833961437
1684074788499390
848046738649355
1533165703602290
1676927013115380
750764025580661
923963884384989
167397920724086
358019438350544
228423097631230
140580076625420
47916519146
1029162398615100
298942421454828
2371743789742080
580491927201366
870203576473133
3848262215200250
469748567622237
289457232564142
965780980171049
453235861549364
1614929935452950
866775096722271
309729185776462
473582356362194
172560436592802
685761898130467
339635673071131
735309629840065
1766822043571520
299952353913109
293131908082961
564142623705445
315018511948955
472697866258813
788091304623300
952900041457642
544358819073863
125847468113920
471648526545600
3437788056319820
2070680089739700
620551492121125
587973804638370
374450159246060
392953277560111
229241914989915
659417517408972
378363207684073
376247240637598
197825511682603
398073876963484
288182091524078
1200868773356540
297852825273586
818221678340221
1835601046698770
631704066924202
209053203507970
843861389915887
444996461375437
1691667514458230
127677234238175
1101909637249340
183060805777761
873435356078612
423271267809149
1345199399204920
392132837802892
839324117128551
964093478706069
7042011692490650
3545466552359160
783774495360393
551175008590729
1864098250534160
3013772728712510
471976661824859
117632075617644
807356466856443
326393314454233
154365541414264
836122213602500
192613485506850
603563778434636
343618149138289
485728872214257
133410230154132
4245831818806070
251335855308379
378030155180213
1042059962476960
271579319658030
427896814858191
1731606110338700
615473775184383
801874737286452
536946380098138
618779941588392
526417334831473
693860592662179
569185636952863
3491979644190620
257280375202008
183927280351228
700745810039400
355904497929887
223680337822751
1024694452512700
996765234527705
688168741346772
852883551450672
313796378696156
1129314367145390
1154286544726660
699271090495557
895295153874039
1147677585307740
1126946604445940
205897599611835
3656955964624550
323259571524179
1971345689789820
1697146780597850
922019524895851
652541631574633
536564925218265
575217759250268
598059077795198
801817463648297
258979302712993
388428291325904
172356452882724
1603970696535400
2312261452309980
221052339106556
3585826298309490
135031836917176
2527828447240780
254035964698860
625475364278199
150976771630485
260740174642328
833096603516287
782900211853631
932269943560301
362364750623615
767548186711380
278008522310319
561986680963539
539532416208297
339290819011422
331634257248250
116529225192400
239098899755014
1832866763412980
288417248270409
324571286702634
499976597006647
1663301183904150
392594094135093
1197299648292040
1515489568483780
1824416074679640
1891377237815360
533231543495950
720709786600064
617541546470339
268620324549832
3733285176952150
551649291635761
226373761235296
617441742549471
440049727348164
637334649697596
1480910000000000
907642773819953
1917210201858210
186905544297908
1706674679612130
587824407906790
435742538796532
728438621327931
702277366549669
792484774420072
987455872503033
432896833936920
333393417043523
1692816860745090
378487999331002
104068226295667
790517767649432
140880246437738
1503426706608080
705366775125264
1286517415114420
797719176935097
1715290000000000
420899144623075
350019538089263
1195081028347450
1083838668293380
1695457777158790
161246790726761
1028114021788000
934656810227974
1391038021815830
501751276655579
376176306424673
3059446434196040
1331918607730940
1207381359632700
874941692580463
635764266528762
455244254601699
270986710342135
602286985033340
1517124272052910
249390462914745
573210580855551
864193946960728
274422259762552
274872492721912
358194914257200
1291267221802880
874977886470179
1544384972501110
100921890569028
1632527546773690
1167241060935490
203344456755803
301090366733747
701619313328188
237752656606636
890759441024362
212911212243159
200027137059568
639452522912373
778435348864180
805309479550986
422489891145924
322736814822515
429695591174957
471712399660152
696494460390707
769753039739119
356763874528204
310855655927987
246847651078157
395226973028509
310950454878905
510173726804317
203852256115286
879631897107789
328711267335625
2587310000000000
424539708181386
472124228561127
939377020456623
277237016747777
677550362889356
288334147282306
955327394893924
154319523007322
979855266727103
870867506374928
409021684360879
356570632025231
327470939706224
794848192165712
824307385180031
593361354064787
246218180517483
329730707996949
759667186265190
727747859148694
4025800000000000
383819139302161
1173900000000000
462180912090300
333855635510228
430500303987825
396236199470809
336356392361693
693517949554465
346832931465471
176202382830220
337443468613558
849353730358241
600455692290282
121354364720393
143641254283722
419539636941708
865986334667895
877806767678117
838736952902288
764800206897625
658763971389242
821884013021997
375211656940041
211167106085806
340064789114452
583774053914500
842748355783721
195139811040726
596031893911597
283103300000538
117215855614300
612782662158159
319843241709417
285691002045018
828081715186451
295033266682453
765298792445965
730838200285007
380405788359376
561491538051619
288993986586044
340206861087320
494565045612861
400711267013613
223993685417107
256753202438728
818552026379219
384969670538960
445781205850829
630833744455534
254922037710592
838747417944573
490232038135286
228181580118127
347447204615400
273785117551042
750556123501179
788133170111646
726477715824574
444490550483007
249422986315850
748706426436297
193331588397791
969079383769390
630198987150839
593582547921361
357448893910137
225301819766267
788939176098886
908633952488784
712966047365183
2356380000000000
391827623208951
577700606284886
1147500000000000
277773061483901
102440770110269
349734540409473
327840716810662
297723292389395
422058857963369
686223703356075
274907248845656
705649047651082
620395181384485
786835531358201
352210211258480
718975276839419
749767980611655
174648249787808
746607166464276
808988389141346
858785081362650
950105138403354
404156023062301
193730518595549
723917821406889
704856943504157
256326575651633
409664685383153
898460419050821
296180830811391
1051910000000000
812460415818902
593098287563271
474597028300115
337848086031754
540734303069961
410597634797887
870618944688751
883356065723874
489858341826737
490013211160535
490205857795877
490311448622481
490467967694742
490490547743197
490607119165733
490742240977108
490874234404521
491490123624194
491790843297458
492121194163557
492549328075178
492596607479958
492629350816530
619182516685863
617126409515330
590547362734296
619683493586317
588908361290881
587519205314172
614024109434265
595966508769112
597696544954503
595775573932100
614554925287481
593408110827905
606143976081727
588587854491652
611032165706155
620892234754892
613840469659302
610704132374866
619414281464860
605778853607080
601568900042763
596847693769586
608400645930046
619287574870180
610713385690470
609195516124473
612769612179302
611318055610495
601079547490655
620064674714332
618448518495088
592754664122318
606256039577220
590949454336638
599131243463390
598921336897409
586364268055935
2673720000000000
723835281418421
459720390132885
813019899576858
187316694440286
133594553855013
644642368925286
750293888859463
780387062653538
927604024937738
714022427513060
783482616859204
614225492338308
244486405940569
424951542570118
117298062276607
896974440766551
923292527732557
174989109512059
266705837101192
165769238062684
659651893046923
455430821151471
659395594160153
320270227186019
715878353775139
554383658611729
539529203555164
719953598095384
435333937148873
260213924143092
790919065145476
258472052495081
1688370000000000
378396538209424
390572542450425
404842134057301
760499710754553
245748704415982
796818608836641
369455794234138
838748310389629
989934758615437
497518949053823
330500195184764
326141531076239
402476288873502
539129640047846
722776906542267
307448692390908
125910344134969
357347693337021
610711053969570
434358184271239
723003876257591
720607836622048
377190540532457
302739205295360
348914564086249
407795922263124
380067986295011
433832297458762
646141817714429
753362186098918
284889431174715
486590695168769
518356595882083
365846642364947
456607749493961
422491894587242
636907471113593
121691489901907
1855920000000000
400665683019418
214709126003004
532039864409138
168785761163776
429459199826847
867208591672725
249199334459
2610820000000000
365865042183725
875906993911009
350593993916507
843918135622640
185932613531818
505533867480604
653012960009431
240003284019285
710585754115624
280278715442476
219462901510116
148615116859117
456624628639635
923563768541260
436256881208996
271289244472754
163129123894518
817467352967606
745702840535495
643876343647193
628108229419612
402926775987854
582047835283276
233702955155455
738583397476088
425017794199985
153827248459022
160354681288428
165210396887402
601310751699455
163314580459150
144508440973862
389355541699979
233093346848830
121017821842467
117907995563469
952326964970415
188870604472317
495056977365107
524164959818737
484811272290944
383792505294508
451859859562558
556522539450152
876694585758655
800481577340918
235968113411611
371676306305156
908217477198231
960128717373383
1423510000000000
287899247997482
177254326406205
567054398176681
301189662610035
704429029750087
104889153210565
429518311240426
195906653888074
836830884746393
903791183858221
821168429849159
427776580711083
450439092143765
348290575531384
283673402074277
289882222080323
281199135576661
266767971676176
245031882719120
455846683682705
600190323361863
499421197191894
597909235631690
231411509268633
240638406028886
225187944628303
597777153654259
432933000644689
571355396298432
584659662377804
577918895569447
210132106993573
576435319371082
192670847806373
567137963657556
566730213378269
547572168596592
179707848886970
550988378326195
548417555365675
176228195903855
516127071782650
538413497328948
161409270182556
542440279228880
164407270928078
506272377034907
667323344056416
433129490894453
415744240114209
467937126561192
498584953594492
477325299080386
501841570022535
488759511186229
457746379609517
457161429173783
459103957510421
476008102507484
469220046896722
460601287813167
435218347205601
440823216743002
438400926546751
436366853213973
437871612900108
434687820258509
430151020975611
418294775344418
415917558604146
416074711907827
532840687496381
409216803398646
417599676086636
322674752055061
621500596143429
414944959222680
414783436250449
408521395909640
386260991475818
320611315821020
408040069903323
382332955636357
331124697309927
402713123134937
314621015997093
457913739649169
724895061863752
797139824271394
988854974952128
213975048045523
439365911003077
265677996933410
136050725162570
235024646207838
449008282885456
814492141967624
2422240000000000
515378165220773
786286626155343
703119721286068
791812667673877
802812823135109
504752739555279
788830118616540
793887040698626
223271059672917
557658774353613
534829266633403
775543803680061
750274895019597
164454789134025
735458814514573
535728465382311
672566497081937
748409883341240
279057004153543
392248434216096
399095457622655
383606735157881
378337529012178
390731647694302
374899229369417
883424172962351
643458060260846
623104495925707
708456524573004
370153598947298
331699235870864
320878208282137
373158180337920
341657457209926
631511423720640
692480328379100
691973410837084
601716200468106
681713155263845
682007121837474
620621408054435
2206164139774000
961930583859177
1203836040499800
1544669395825440
1438767583066470
216899028461152
480201552184361
1110460949304940
652841431480374
868972424123172
567888303303114
1456443967933630
101133450234667
2161198700838250
1266598864094800
242819162785088
1155552202542340
463720577072534
557069834340407
287536724691387
1526010787775420
258526133598774
408270122921179
842646425832563
421451128034782
1528125760770440
288555967504139
2015604828760060
1892050411019190
330026537101427
523577827763383
1340187779415950
450083801736159
469458229803600
1556556427939760
440665550345453
1817769588460240
524604421470023
186614648209916
1138349307347740
391754247683468
517590445428433
298744705294288
767059837131915
1444442863125330
1155831824562430
2279839975394550
1555607354669760
1767439233492310
841719649250932
715190072569451
1839870569670810
848183535212268
94573077014
201647400379816
3763800277281090
228733213644104
1373449396904250
582500401868832
268894837030102
239365746249280
1424627091157980
798163176872031
749333728438017
794630853911212
440090073001380
1115994635097690
1116976969517720
659908864077658
2690795447720270
1008390546342030
1580040715551780
233397559533814
310923112442056
1622143768053580
1933184393647810
637121878018574
350917789511571
500580053434701
1491801844902010
160829454262292
6669578593095900
546457125783967
1420120208381190
182330248109269
890421777730760
157376509655858
421681859704320
1617960015124750
374609922640522
1385410542185320
2541636379438210
202798213220315
4373172506045800
1625684517915290
6092493187444470
154595161754599
221718395345844
293960887478117
848552245189177
236211153551799
1806129986330580
344237042624365
1528729670707690
1367383047436640
356421072336271
880157636842489
2115696608485900
4058173607645160
1406662906503020
438739934326107
1756905614575740
468569760245667
715664866248197
2057640561272190
808244409277440
1175248330583860
1214313575851690
461874653267688
416037698477231
369761296737925
271173033224174
508095453510937
149801099075992
1361435321118200
843470885692907
3250334545019680
584109578446417
436986836734652
280441065435765
2119293515041330
244438376131866
1520447238267010
744736914454259
1178080086743720
1155628412487820
249561732819416
392468481122825
1393435331262200
176679253624857
307356952967101
784040932734614
226708238071768
6254231054589420
1676025712517580
2978455512240620
2335242719996980
1897363754042180
1804628819605820
2258748834368150
383783562248555
733927516618199
1203560247270730
897031907115785
532698236796086
1112944006781640
913456688729373
411954735512542
1571279776772040
4923610494384630
318349341965543
182591155791583
197227800461622
1328587998000450
1159237368772250
1155632258329150
1486199701523240
880020530320613
1022118501197650
1567581203540630
991216051026889
1430159597313790
371671624267886
2027621900848250
157980165683459
1591042054498680
772969006144377
3626854380866490
1960713520948840
485046240295708
1740930839496260
849876171783024
521944924603692
801190923317770
438693512455603
343695152710979
438575378515520
1208090173525510
402522715561366
681423444142567
569871793052364
736844498487233
1325107414732620
793112170833015
1936030396715810
2138532526443300
1184808391582940
1591810011089320
151462040229558
752000208271396
524838248253934
552091913062150
562848715756488
368126501523359
282162738630777
311660878920837
2170986299897530
1946293928951450
1784404768434940
2045200679048550
2156788427977810
5925875264176090
1685839618356900
275910293281
1442075982705580
804137186332076
1120177898093390
791198700900007
749877930338416
778377185530670
583753292578094
544630989201777
630224973738141
535210713498564
542326133314172
382689448490980
453862008141340
345801718944532
314078302076161
310106342694967
279793463649781
308347683165084
281788242222628
289220888117525
232109104320441
171221793634852
213788926316298
226141157795209
125799662776345
231673927987147
145203365552444
1585137481698450
887709411803798
1448095962118470
1715287211857260
543576402451633
3579181048819560
1512468652168990
1424844507835930
661371199529842
2088879644699860
1788681508042080
327584242842883
614365954200282
681312318914158
959148151997116
928905797175353
196242964432092
1510506259266980
1787165634942160
315778971885288
2873788036231890
355445967074498
729912331782081
385301824834805
1157950981352150
298355250357117
912466219272951
1977177542345100
466993690387387
120343294810788
714124345301830
183239371521291
871167781393137
1624033447841750
615654741806337
663535177767471
926838745524189
452263412185170
897228827125309
453534751432239
282460647688898
870915593015571
6466283473390230
1691730667743720
312832339116969
319282038157466
317876210116181
181935945156770
4889319381153880
304469426244147
739661589487993
376349348451702
420621925067392
1937366106293080
345245439982929
191656944658809
3223369924612900
399402913765083
160570267142454
367756050541684
1618478908273050
1114060548965960
1417515918507180
1164445043565490
2428938977206990
357922497684814
820614148042804
366431455501792
244837873336581
1655845821324570
1707464956134240
157729234816408
768518157303294
373248965289710
3121389244823330
953813188885021
285422191652404
1616644778564260
244846416849989
1928640740794300
257068577767039
140473233253646
1424882854360990
241652560422835
1058979295152840
674292638075407
1329966991041550
861207520674075
289413835715286
1482764848645520
263748061487067
196735257736124
387496221389789
267217043344606
733692247638618
818356788274649
1581138298773090
459263080918802
368352697406373
736201969760533
1786017658128800
477456263031303
480737978640759
3600266503335760
792650017835751
1485495605090150
338477876920615
584514706560479
358560093621091
619594540145647
964941210209072
428834657150327
4395670277324250
293897395373598
118517885181052
803252553214295
821265671654272
930666690292322
1657739554448030
115664906079
1068792076549930
621852179967122
2425669674281760
1859486487826510
295974940750489
836779870481814
195987975895332
998840387589895
2192832497437390
1177842199928920
381613615345341
1460877360828200
639040953195037
468454343351478
991441734201131
189880231203880
401585797360531
378092312266795
1314905485845520
412969284534585
2737513463066510
164083940951490
1855922801384940
530904790313872
172754432856258
1745434875780850
484602498332004
331296628790752
783485558429893
1688373078052180
1512466745687460
1213330032855570
1568559776618220
108101616214401
424367815060411
1017627383374290
1445473915756700
143117366089716
689408507824685
896319690568614
386107393895347
544114212393993
1680230902021100
216624568839335
986030412222664
3367510046673570
1633684163309320
3563786720568240
2415063712106600
1027130085684240
1476462495698100
145229218982920
787554268706318
1585513568623480
802925219758431
442538097104148
204202451749975
325220314567574
391724347624083
940043473633970
218805784956346
854032169754263
1439495959647390
1543201809815040
1069983694241470
897003824056473
1732596707091030
838755473448722
829965461996774
881999731930526
1447652828868450
6780468352061740
847012600462519
616635768907547
435563574424162
984941125871614
329655507611544
248073902000385
610872126081514
564654028889422
1381649772095980
790440231037706
180116356026479
319834981518051
328630565488651
837864642902878
1753983558158470
207616506034689
464856567566798
274216102628332
686613878032243
173696613081292
669663431886267
709285902531696
462251364169121
394866637339074
350786695304653
1910965625858020
608844109500166
312548728934641
1689313424718500
1430613473752320
596507540455244
318059198352170
514100431993053
467523703929055
239752072884164
135085356859716
222472224525685
404567359741261
290867838737033
407979109334344
1497863897209880
913662275312994
226660154071287
215937708882941
158727794930907
108451026154540
1224565400959920
2409067449402090
1593333327585560
1677483125876950
2010766699142120
166220564112991
604910386277430
238058014123788
981793331909354
899472886809529
365145057009971
406825872708543
174065113256020
1788784924830400
913244242066348
586574793675711
758519071734433
702109062014952
2861429340821310
309856449888868
215315688598931
807291426085308
1038565312850280
1043925229112690
413500105762115
1620642921492010
746875395410446
888470735423306
1558656724350150
938998846131256
766394486745573
1714245598806090
1086324921401110
481725699258596
775295804804426
956723724377263
2448821378718030
2551334515055470
1769345033203660
297518995770360
130464712327679
856320194405770
159892584161796
600731564340551
1518439375067680
647005325509276
219837361768705
523271711191467
1535779363099100
258722607504798
1407650549452380
167444163273324
249462595472320
2673717992694220
2546496868786700
942561952911682
1490445094852040
994509260587288
596006594119026
834477858251649
353598654428757
1508822302769910
271449559982250
1143172669124710
433580456724824
1769279629998160
162965748429823
369338983126919
2328722387312910
1658675661109210
1886618094944000
1443156209306590
6691039474290980
1599959127147540
310546459851664
2051891961786100
2535063160059430
157912074734095
305264973278597
691184237672539
1039361389428820
734434299914820
501213030028283
2281687312044770
984741722421913
181803114476731
211548572584019
168392770008411
2002819119955390
251783402182896
732984795681504
2011433142247450
823702774369917
557308804676132
409984156276237
2165882430190530
2031478117095970
313365037605969
216553155026259
2643214415847610
249555259669698
2773871429298160
301365339975306
2086725891588390
1709450312654350
847575575340104
657004237763560
728644133899877
529347777846374
212543142848836
1635683370020220
406799629519194
3424724407651680
505558870414348
1576554485944540
1899998980255870
1063233027040830
1891767997776960
1545674292356710
1406143562986440
1387898941428710
197754517078163
762086640476210
970035126358164
2588366801389880
525353411248101
971304230319595
196954131033269
261994634527351
198080090954893
439900679518570
536164756564243
2385239195073150
1383821591924970
136194493552396
274204400546748
1088574744534170
2326802410922060
933031203404904
929053415070773
1040944199263310
1007191967239480
958030292169098
661360607308343
666272130883797
191853735300174
1903968876544680
1427061437566310
5757504040934210
176255409242608
523492424449343
437588153041275
3089888591291500
231391460964840
1438131853094100
382059088653964
2994650833887480
668228260021738
3561429253884130
366099885820790
1667253640210560
269515470548126
2491521251098670
302163858977956
3160812847299350
141185279321147
1838326809760460
1993709837473600
2499478116964620
1593955707515210
2376269186031260
1886826728208570
452642158162873
621890691298965
796237187220912
595455667232757
527068977331334
437159310035964
544078659324658
1670489086530430
245306612147866
1947948072079580
1759329190990390
281044008945536
931029690373384
7328068293887810
2817883508237580
569888303388051
782324259068485
1543003049061280
1183796905161060
592581627489666
809105229185287
889265277750183
726782544154989
2073190536237440
1505450286571100
1502241273913150
1456428424593310
995738623822181
422782211518054
405797912845832
344317055702875
1556390574639480
181588263129776
1936789206656240
2391553227731440
2219652894713730
2048830845376210
2168831973170940
1793783370910540
1389493204682210
478220243111337
526491224182691
774394059631799
909534482454342
464274938701966
999161311280579
906138472761218
957991494346576
932197243619339
755618526397665
1383160738677930
347252011428031
1541100342844630
1613932218889970
1708097116112170
1936176633275150
827946290562596
1586868161558590
1533410080108310
697077047757671
268746160499885
631697985054084
1754377954773930
239101529491945
1319140504881680
1530193227133310
1502335776662200
1074219313119610
1235005880293940
260342270679674
414223335281076
1543517779285620
703726712992001
373355952859121
813256555468626
408044862626396
418283711603084
353828272310939
442167425957838
267639227013465
1942230886081670
1854278888142600
280395055458443
834237633386282
637800657595024
215729938611833
207617113485589
190182227986565
197959427056194
241179373547980
198967933583707
202640113662451
636837069815956
463649677469611
571514646391998
118211072163184
157530178360625
188997881852421
176530352726120
157512844292970
137113257630272
346759588988393
251739658504882
292766591417678
303949090359159
238726023593054
183644435504146
230714010458016
1377983915757310
1433344770126870
927942431604874
4025798764131020
368643037226697
275549682172345
944590152219489
1005084720454900
2065703250456540
505826782116050
2895817670731540
726017794445658
4300132883399340
1154110455476200
1000556761726229
6400347096709994
2819293201435518
1242592516184435
1353068445337416
1076951913525829
1774691106125467
3094218800589077
1050852799067114
2612289395691213
2412801422337641
2983385548472747
1392390470818922
2447832332118382
1693347930896103
1815628145339651
2371864932855648
2628350757219429
1797891663787037
1493938040838044
1481171528877157
1411143962523377
1678734835476469
2495721930665175
2024387914290072
1044179168953522
2494561570768208
1835585559890014
1064954653675763
1969163056651965
1565495857036198
1786217818367321
1263520110480965
2380545671971462
1731312007090716
5737263139631775
4737853122908465
1701334730106441
1249835725638766
3009328099139421
1514445842659686
2769951449885337
3414885561857365
1054297399019832
1560632014758078
1456180341343601
5532578970142629
1457670617626933
1568752730181306
2388431594604675
5582946278450415
3141355949309488
2394622284116428
2504483609590449
1943170169231288
1534693486603877
1323059374371083
2477031469189699
1544185429214058
1779354855587702
1134920739954357
1441603076147298
1779511082332356
2364811870492181
1451481575088287
1438941579748203
1976683825918891
1037045729681043
2736290283284378
1366536986747789
1975932345966809
1557027310978587
1408763249423441
1470934393146369
1759820444300538
1668828953338503

























































































































































































































































































































































































































































































































































































